
 CYCLE NUMBER   12 MODEL TIME IN  HOURS  0.07

 DIAGONAL ELEMENTS OF U 

 -0.5465051E-04 -0.1147413E-02 -0.2238891E-02 -0.3327893E-02 -0.4413227E-02 -0.5493709E-02 -0.6568156E-02 -0.7635396E-02
 -0.8694260E-02 -0.9743593E-02 -0.1078225E-01 -0.1180909E-01 -0.1282299E-01 -0.1382285E-01 -0.1480757E-01 -0.1577608E-01
 -0.1672732E-01 -0.1766025E-01 -0.1857384E-01 -0.1946711E-01 -0.2033907E-01 -0.2118877E-01 -0.2201529E-01 -0.2281771E-01
 -0.2359517E-01 -0.2434680E-01 -0.2507181E-01 -0.2576937E-01 -0.2643875E-01 -0.2707920E-01 -0.2769003E-01 -0.2827056E-01
 -0.2882017E-01 -0.2933824E-01 -0.2982423E-01 -0.3027759E-01 -0.3069783E-01 -0.3108449E-01 -0.3143714E-01 -0.3175541E-01
 -0.3203895E-01 -0.3228743E-01 -0.3250060E-01 -0.3267822E-01 -0.3282010E-01 -0.3292608E-01 -0.3299604E-01 -0.3302991E-01
 -0.3302765E-01 -0.3298927E-01 -0.3291480E-01 -0.3280433E-01 -0.3265797E-01 -0.3247590E-01 -0.3225830E-01 -0.3200541E-01
 -0.3171752E-01 -0.3139493E-01 -0.3103801E-01 -0.3064713E-01 -0.3022272E-01 -0.2976525E-01 -0.2927523E-01 -0.2875318E-01
 -0.2819967E-01 -0.2761532E-01 -0.2700075E-01 -0.2635665E-01 -0.2568370E-01 -0.2498266E-01 -0.2425429E-01 -0.2349938E-01
 -0.2271875E-01 -0.2191327E-01 -0.2108381E-01 -0.2023127E-01 -0.1935660E-01 -0.1846073E-01 -0.1754467E-01 -0.1660940E-01
 -0.1565594E-01 -0.1468535E-01 -0.1369867E-01 -0.1269700E-01 -0.1168142E-01 -0.1065304E-01 -0.9612987E-02 -0.8562400E-02
 -0.7502425E-02 -0.6434220E-02 -0.5358954E-02 -0.4277801E-02 -0.3191943E-02 -0.2102567E-02 -0.1010863E-02  0.8197580E-04
  0.1174755E-02  0.2266280E-02  0.3355358E-02  0.4440799E-02  0.5521416E-02  0.6596029E-02  0.7663462E-02  0.8722550E-02
  0.9772136E-02  0.1081107E-01  0.1183822E-01  0.1285246E-01  0.1385268E-01  0.1483780E-01  0.1580673E-01  0.1675841E-01
  0.1769181E-01  0.1860590E-01  0.1949968E-01  0.2037219E-01  0.2122246E-01  0.2204956E-01  0.2285260E-01  0.2363069E-01
  0.2438299E-01  0.2510866E-01  0.2580693E-01  0.2647702E-01  0.2711820E-01  0.2772977E-01  0.2831107E-01  0.2886146E-01
  0.2938033E-01  0.2986713E-01  0.3032131E-01  0.3074238E-01  0.3112988E-01  0.3148340E-01  0.3180253E-01  0.3208693E-01
  0.3233630E-01  0.3255036E-01  0.3272887E-01  0.3287164E-01  0.3297852E-01  0.3304938E-01  0.3308415E-01  0.3308280E-01
  0.3304532E-01  0.3297175E-01  0.3286218E-01  0.3271672E-01  0.3253553E-01  0.3231882E-01  0.3206681E-01  0.3177979E-01
  0.3145807E-01  0.3110199E-01  0.3071196E-01  0.3028839E-01  0.2983174E-01  0.2934252E-01  0.2882127E-01  0.2826854E-01
  0.2768495E-01  0.2707113E-01  0.2642775E-01  0.2575552E-01  0.2505518E-01  0.2432748E-01  0.2357322E-01  0.2279323E-01
  0.2198835E-01  0.2115948E-01  0.2030751E-01  0.1943338E-01  0.1853803E-01  0.1762246E-01  0.1668765E-01  0.1573464E-01
  0.1476446E-01  0.1377818E-01  0.1277686E-01  0.1176162E-01  0.1073354E-01  0.9693772E-02  0.8643434E-02  0.7583680E-02
  0.6515667E-02  0.5440563E-02  0.4359543E-02  0.3273788E-02  0.2184485E-02  0.1092825E-02 -0.1146924E-09 -0.1092795E-02
 -0.2184366E-02 -0.3273520E-02 -0.4359066E-02 -0.5439818E-02 -0.6514596E-02 -0.7582223E-02 -0.8641534E-02 -0.9691370E-02
 -0.1073059E-01 -0.1175804E-01 -0.1277262E-01 -0.1377321E-01 -0.1475871E-01 -0.1572806E-01 -0.1668018E-01 -0.1761405E-01
 -0.1852864E-01 -0.1942294E-01 -0.2029599E-01 -0.2114683E-01 -0.2197452E-01 -0.2277817E-01 -0.2355690E-01 -0.2430985E-01
 -0.2503620E-01 -0.2573516E-01 -0.2640596E-01 -0.2704788E-01 -0.2766020E-01 -0.2824226E-01 -0.2879343E-01 -0.2931310E-01
 -0.2980070E-01 -0.3025570E-01 -0.3067761E-01 -0.3106596E-01 -0.3142032E-01 -0.3174032E-01 -0.3202560E-01 -0.3227585E-01
 -0.3249079E-01 -0.3267019E-01 -0.3281386E-01 -0.3292163E-01 -0.3299340E-01 -0.3302907E-01 -0.3302862E-01 -0.3299204E-01
 -0.3291938E-01 -0.3281070E-01 -0.3266614E-01 -0.3248585E-01 -0.3227002E-01 -0.3201889E-01 -0.3173274E-01 -0.3141188E-01
 -0.3105666E-01 -0.3066747E-01 -0.3024473E-01 -0.2978891E-01 -0.2930050E-01 -0.2878003E-01 -0.2822809E-01 -0.2764526E-01
 -0.2703219E-01 -0.2638954E-01 -0.2571803E-01 -0.2501837E-01 -0.2429135E-01 -0.2353774E-01 -0.2275838E-01 -0.2195412E-01
 -0.2112584E-01 -0.2027443E-01 -0.1940084E-01 -0.1850602E-01 -0.1759094E-01 -0.1665660E-01 -0.1570403E-01 -0.1473427E-01
 -0.1374837E-01 -0.1274742E-01 -0.1173251E-01 -0.1070474E-01 -0.9665249E-02 -0.8615162E-02 -0.7555629E-02 -0.6487808E-02
 -0.5412867E-02 -0.4331981E-02 -0.3246330E-02 -0.2157101E-02 -0.1065485E-02  0.2732535E-04  0.1120136E-02  0.2211752E-02
  0.3300980E-02  0.4386631E-02  0.5467518E-02  0.6542459E-02  0.7610279E-02  0.8669812E-02  0.9719900E-02  0.1075939E-01
  0.1178716E-01  0.1280207E-01  0.1380302E-01  0.1478892E-01  0.1575868E-01  0.1671125E-01  0.1764559E-01  0.1856067E-01
  0.1945549E-01  0.2032908E-01  0.2118049E-01  0.2200877E-01  0.2281303E-01  0.2359239E-01  0.2434600E-01  0.2507302E-01
  0.2577268E-01  0.2644419E-01  0.2708684E-01  0.2769991E-01  0.2828274E-01  0.2883468E-01  0.2935515E-01  0.2984356E-01
  0.3029938E-01  0.3072212E-01  0.3111131E-01  0.3146653E-01  0.3178739E-01  0.3207354E-01  0.3232467E-01  0.3254050E-01
  0.3272079E-01  0.3286535E-01  0.3297403E-01  0.3304669E-01  0.3308327E-01  0.3308372E-01  0.3304805E-01  0.3297628E-01
  0.3286851E-01  0.3272484E-01  0.3254544E-01  0.3233050E-01  0.3208025E-01  0.3179497E-01  0.3147497E-01  0.3112061E-01
  0.3073226E-01  0.3031035E-01  0.2985535E-01  0.2936775E-01  0.2884808E-01  0.2829691E-01  0.2771485E-01  0.2710253E-01
  0.2646061E-01  0.2578981E-01  0.2509085E-01  0.2436450E-01  0.2361155E-01  0.2283282E-01  0.2202917E-01  0.2120148E-01
  0.2035064E-01  0.1947759E-01  0.1858329E-01  0.1766870E-01  0.1673484E-01  0.1578271E-01  0.1481336E-01  0.1382786E-01
  0.1282727E-01  0.1181269E-01  0.1078524E-01  0.9746021E-02  0.8696184E-02  0.7636873E-02  0.6569246E-02  0.5494469E-02
  0.4413716E-02  0.3328170E-02  0.2239016E-02  0.1147445E-02  0.5465035E-04
